14 14
38 86 90 95 91 16 81 68 73 49 48 13 48 98 
59 25 87 24 24 38 60 25 26 59 54 71 55 67 
89 14 45 10 22 27 60 67 76 78 40 69 57 25 
28 37 52 38 64 55 37 46 71 90 30 88 40 28 
80 47 53 87 28 81 44 39 88 74 15 35 65 29 
82 55 27 55 96 96 12 76 79 80 97 56 29 23 
72 55 54 34 84 21 76 59 40 39 84 89 45 93 
36 96 65 16 70 83 82 39 14 12 23 10 51 33 
60 66 10 40 46 68 52 84 21 54 52 97 26 13 
22 99 77 46 71 50 58 12 24 62 43 91 77 58 
78 65 47 28 14 53 51 92 12 12 83 51 61 69 
84 26 64 90 40 88 97 97 42 47 78 26 59 36 
52 31 91 16 24 48 58 58 22 99 44 49 53 26 
58 55 73 86 22 11 40 25 83 12 66 87 51 17 
