86 86
0 86 90 95 91 16 81 68 73 49 48 13 48 98 70 56 41 26 85 79 43 74 61 68 97 89 60 21 66 87 56 98 70 77 48 92 10 91 34 90 72 29 61 38 51 94 96 18 37 74 51 19 35 43 39 21 72 50 48 19 37 75 72 90 27 77 92 36 48 53 40 51 63 95 96 19 68 74 89 37 57 87 20 29 37 86 
59 0 87 24 24 38 60 25 26 59 54 71 55 67 80 15 65 56 11 62 42 88 76 71 46 30 95 91 50 81 26 64 25 46 86 61 48 10 44 30 73 14 88 50 38 72 78 11 76 53 55 50 70 11 82 25 27 52 57 87 49 45 72 44 31 25 96 36 41 49 55 16 26 98 75 52 58 34 47 63 95 29 21 23 12 58 
89 14 0 10 22 27 60 67 76 78 40 69 57 25 18 87 15 77 86 39 75 12 53 77 35 52 31 96 13 69 91 77 74 99 33 87 45 65 68 92 10 19 84 90 69 67 49 27 11 57 96 89 16 73 77 44 47 57 48 15 40 30 75 14 68 39 81 96 42 47 55 25 28 18 41 70 45 40 99 16 75 95 11 74 30 73 
28 37 52 0 64 55 37 46 71 90 30 88 40 28 32 24 89 44 41 23 75 86 13 37 18 59 47 69 45 79 94 53 15 80 99 43 86 79 96 31 56 57 71 88 28 89 43 96 99 46 79 88 26 32 54 18 88 80 19 89 88 66 22 85 44 73 35 81 56 93 80 26 85 52 44 44 33 78 44 70 10 90 33 78 50 49 
80 47 53 87 0 81 44 39 88 74 15 35 65 29 29 31 21 64 51 37 37 79 92 40 56 11 19 61 38 91 94 88 18 84 70 93 82 74 55 52 66 37 87 37 44 69 11 48 24 82 15 86 77 39 47 94 86 66 31 12 60 74 16 18 86 75 75 64 34 32 50 16 77 28 67 35 25 52 80 33 95 61 58 78 39 15 
82 55 27 55 96 0 12 76 79 80 97 56 29 23 34 61 95 91 46 39 12 87 77 79 92 62 20 85 53 93 37 79 12 22 82 98 21 41 64 66 30 57 64 32 78 13 51 53 76 92 41 16 32 63 44 74 50 50 70 29 70 68 52 44 17 90 55 63 83 82 22 52 63 62 82 21 67 28 32 45 70 25 66 43 30 59 
72 55 54 34 84 21 0 59 40 39 84 89 45 93 49 98 35 24 13 61 57 36 47 14 49 90 75 25 93 43 27 88 53 65 40 30 96 36 43 92 70 36 24 89 44 70 75 51 14 16 61 37 10 69 70 14 68 29 77 68 73 39 29 43 25 20 95 44 53 66 44 78 96 14 91 79 64 85 55 13 96 71 78 42 22 70 
36 96 65 16 70 83 82 0 14 12 23 10 51 33 27 36 28 34 65 91 37 64 39 87 80 92 12 88 78 79 46 46 63 58 67 13 36 41 98 21 72 92 69 63 40 45 38 36 75 25 90 43 28 75 98 54 25 10 44 44 80 32 24 36 90 54 34 69 71 62 74 66 10 70 68 70 51 19 67 42 14 32 17 67 81 49 
60 66 10 40 46 68 52 84 0 54 52 97 26 13 34 48 42 36 34 90 58 54 60 63 53 80 93 63 53 53 70 48 38 13 31 19 38 70 92 24 40 94 94 22 72 85 26 94 93 59 21 53 40 86 74 44 40 89 65 68 35 26 37 84 71 72 60 44 88 76 58 20 61 34 39 82 29 39 34 61 93 29 99 83 94 32 
22 99 77 46 71 50 58 12 24 0 43 91 77 58 32 25 46 70 33 12 38 84 86 97 12 49 25 90 13 57 37 47 19 60 37 35 85 15 94 12 80 96 20 33 21 12 46 68 45 27 12 78 85 52 57 69 41 98 20 94 71 10 14 15 71 76 50 58 51 26 82 48 11 44 18 98 65 96 28 67 72 40 43 27 59 23 
78 65 47 28 14 53 51 92 12 12 0 51 61 69 44 87 58 31 55 93 77 43 71 97 27 45 85 38 86 45 41 40 28 62 28 66 82 28 71 12 27 94 65 43 94 76 50 25 80 47 72 93 55 48 84 54 22 71 93 38 34 78 26 22 33 99 99 52 55 12 18 98 19 89 56 59 98 27 46 69 48 60 63 77 50 71 
84 26 64 90 40 88 97 97 42 47 78 0 59 36 12 87 83 60 83 11 20 95 25 51 79 97 74 98 16 48 82 67 23 38 34 50 97 75 55 51 81 27 13 53 14 51 67 35 61 57 83 11 47 60 31 90 97 73 40 99 10 22 77 62 88 95 16 90 30 98 81 17 31 80 51 29 52 62 49 40 78 59 48 35 47 36 
52 31 91 16 24 48 58 58 22 99 44 49 0 26 79 93 83 46 52 79 52 92 30 25 19 64 42 90 14 80 40 99 97 40 39 26 87 32 29 24 42 47 54 39 45 95 42 75 82 77 59 98 50 12 49 22 83 85 16 46 90 79 40 60 98 17 85 13 45 31 95 91 58 69 44 69 19 31 14 84 40 14 98 87 11 83 
58 55 73 86 22 11 40 25 83 12 66 87 51 0 16 30 91 58 63 58 73 13 37 28 48 24 85 15 25 54 95 50 83 38 81 32 37 94 36 54 81 81 20 75 30 87 17 48 60 49 75 79 14 25 81 16 89 82 75 64 65 82 45 90 97 74 59 84 57 37 32 90 20 16 31 87 31 27 64 36 74 33 37 54 37 45 
92 49 94 31 73 37 28 35 44 74 59 58 20 21 0 60 30 23 54 69 38 29 22 74 93 92 54 96 83 52 66 28 90 41 76 75 26 20 80 48 67 58 80 19 80 29 61 99 67 61 29 18 27 13 51 85 55 32 75 89 95 33 60 12 47 16 95 14 22 84 76 54 80 57 25 74 29 49 70 71 70 46 22 11 34 40 
70 77 68 10 89 65 21 29 46 47 73 99 14 12 40 0 71 54 97 16 85 27 18 29 53 78 78 79 11 11 21 56 89 99 48 42 29 93 33 50 64 89 22 19 84 43 54 15 62 51 10 52 72 13 71 18 64 51 39 49 34 54 88 50 23 41 46 84 11 62 52 64 31 41 42 76 15 35 75 95 14 22 73 80 27 95 
88 64 10 85 77 61 88 18 99 55 57 72 70 90 53 50 0 73 75 99 56 50 13 31 39 24 73 54 12 33 13 49 25 96 92 50 88 46 33 24 48 71 82 86 90 14 95 72 79 68 75 89 41 51 56 15 95 13 33 87 60 55 59 10 12 33 47 76 96 80 18 44 56 80 74 14 87 53 52 89 84 11 71 50 54 63 
45 85 89 53 64 67 39 51 41 22 67 62 63 66 65 19 49 0 91 14 23 14 49 37 15 43 61 86 27 59 85 33 54 67 32 92 74 66 90 33 46 39 30 92 30 27 90 96 28 51 93 41 85 59 90 66 27 85 92 40 66 32 55 73 46 26 67 60 94 24 45 56 56 88 16 13 12 71 18 62 83 97 77 27 58 27 
82 31 92 17 61 76 41 45 93 79 49 99 57 41 14 56 74 65 0 38 79 23 95 57 76 64 30 84 87 38 52 63 20 35 33 43 22 68 14 65 24 72 70 34 28 38 98 44 91 42 59 67 76 98 87 46 14 39 82 84 40 27 87 14 16 26 28 99 97 77 36 85 79 39 73 10 52 24 11 30 25 36 72 87 74 76 
71 75 12 20 35 74 65 64 50 51 49 82 49 49 98 99 80 48 11 0 25 57 27 63 42 32 48 88 63 39 27 73 61 12 16 32 17 67 26 25 79 43 27 92 67 75 94 58 78 78 26 15 18 25 44 88 18 55 81 31 15 90 71 29 31 95 99 22 41 80 83 14 34 25 71 90 56 58 66 10 55 31 25 69 33 37 
97 12 17 81 81 29 17 95 14 34 27 75 39 75 32 14 23 34 57 76 0 29 96 79 36 41 30 92 63 30 77 37 69 40 99 42 83 25 15 25 42 11 59 19 10 33 13 76 96 15 63 34 96 21 90 86 39 32 98 56 90 11 54 58 57 45 68 29 91 67 79 17 31 64 89 57 66 99 37 89 36 15 47 65 21 28 
78 91 26 50 22 34 76 23 52 35 71 54 89 95 63 39 55 30 31 36 22 0 33 55 86 38 70 89 64 27 39 99 61 93 95 45 25 46 54 56 62 52 67 99 19 16 97 75 28 27 80 76 94 35 21 50 52 41 92 87 38 63 55 45 97 19 82 19 94 47 50 46 18 56 70 36 30 58 56 31 33 81 39 85 73 42 
73 65 27 76 80 53 30 50 27 48 17 18 62 69 21 67 67 99 52 17 89 75 0 61 88 45 44 62 39 39 14 91 23 64 81 54 61 22 56 67 54 40 41 99 36 29 12 23 55 65 52 76 64 56 18 89 81 72 89 51 52 65 92 77 41 53 27 13 80 97 23 38 82 88 40 98 76 10 86 25 18 20 45 25 57 36 
87 87 10 84 83 92 80 71 96 46 82 19 57 35 42 57 13 92 11 75 62 51 67 0 90 83 33 22 94 60 93 12 95 12 13 91 69 60 46 67 94 29 44 24 43 52 87 42 29 72 20 21 22 33 34 69 75 37 28 91 30 31 96 77 13 52 28 83 62 62 11 45 89 92 35 95 77 11 68 87 54 39 84 93 52 70 
18 90 76 42 49 31 86 71 91 31 73 22 56 63 90 96 24 74 11 36 52 87 51 14 0 63 30 85 80 44 93 16 70 87 73 49 51 72 98 30 93 30 63 78 37 60 85 92 88 27 59 74 47 39 33 63 14 18 63 57 43 71 55 72 17 93 90 32 91 16 88 53 50 51 35 82 51 10 35 18 64 80 57 22 63 94 
45 72 30 15 26 79 75 29 88 99 23 71 66 69 19 19 98 92 31 96 24 95 26 99 99 0 68 58 56 82 19 21 31 28 35 60 30 96 57 68 99 55 83 31 61 49 37 84 20 76 26 16 18 81 22 92 99 33 34 83 65 65 55 47 30 13 86 66 95 36 58 15 34 73 22 15 73 73 97 44 97 80 20 67 71 10 
90 31 51 27 38 25 44 91 45 25 64 58 20 97 66 53 32 16 56 88 92 23 42 23 64 48 0 93 89 98 99 21 12 63 53 33 51 62 12 63 49 26 61 62 24 44 48 61 83 92 65 91 29 25 37 33 74 79 28 53 41 61 19 57 95 73 90 77 25 70 82 99 46 93 44 44 33 81 49 50 77 32 19 72 15 74 
89 86 58 85 13 76 65 76 27 64 26 74 69 24 12 97 90 53 21 79 49 63 65 94 70 78 79 0 40 64 29 98 65 43 32 91 96 95 98 98 63 91 27 60 18 21 51 94 53 30 86 38 76 20 32 70 55 81 52 18 78 86 97 75 91 99 33 77 67 58 72 65 31 40 41 46 87 96 43 72 53 78 63 64 42 84 
53 83 19 11 84 58 52 39 67 19 67 91 78 71 58 51 95 51 79 74 65 78 26 31 27 75 46 74 0 54 60 62 92 54 86 39 79 38 73 64 58 85 54 71 34 59 28 81 34 39 71 40 42 40 64 30 86 31 42 93 79 71 61 89 89 69 76 98 82 77 33 96 13 92 46 83 44 28 28 63 51 31 65 86 11 86 
36 38 94 13 36 31 95 42 96 48 44 14 66 21 35 44 53 98 64 94 65 69 61 95 69 70 80 85 12 0 46 92 40 20 90 95 67 85 59 28 65 38 24 20 68 34 85 76 53 30 73 25 59 19 57 85 47 45 14 98 20 89 63 87 43 95 65 79 42 55 55 51 66 67 81 59 31 62 22 81 72 61 78 75 21 69 
91 33 86 59 25 53 76 91 81 39 63 46 28 80 46 23 35 63 63 33 76 58 17 37 95 12 53 12 41 10 0 59 93 35 99 23 69 92 23 16 49 28 20 30 84 38 80 47 49 59 79 80 95 93 69 73 27 98 18 76 18 62 29 85 96 38 38 44 81 50 32 78 92 63 50 59 10 88 90 84 38 23 57 85 70 97 
48 68 78 77 41 98 18 47 38 58 64 58 11 48 77 53 76 73 70 97 19 20 56 60 25 35 91 67 41 30 58 0 44 46 33 49 81 23 51 14 63 35 87 42 19 33 70 13 97 34 38 55 65 41 20 32 17 21 73 50 45 34 12 29 76 36 78 93 34 80 65 39 53 97 48 86 20 31 67 49 19 98 37 79 74 20 
77 55 24 96 50 39 87 53 68 44 85 66 58 68 12 12 78 96 21 88 57 24 60 47 45 20 42 31 49 37 49 34 0 21 17 99 60 64 32 39 54 97 91 43 55 87 81 68 38 94 42 55 14 90 58 40 15 76 58 98 73 65 36 42 76 79 87 46 42 33 16 83 13 26 95 40 53 51 38 24 79 58 39 71 71 23 
22 80 78 12 33 27 98 28 69 50 83 40 99 10 70 58 51 31 39 42 37 89 71 96 11 64 45 18 19 78 58 89 55 0 24 21 63 58 89 18 54 69 84 68 42 42 99 75 11 98 69 40 81 11 71 96 32 97 18 52 83 86 32 28 46 86 58 77 22 79 78 84 69 82 60 38 47 50 59 14 19 56 56 42 31 81 
37 45 55 62 89 17 15 17 57 20 10 70 62 92 48 79 82 72 13 68 43 90 28 64 90 57 39 42 17 62 94 32 33 15 0 76 70 94 71 56 88 27 93 86 76 45 60 77 77 78 76 83 76 16 32 74 52 90 29 63 23 98 55 28 43 90 13 65 94 31 31 74 49 11 98 39 25 83 29 20 53 80 36 25 91 13 
26 13 44 58 35 59 12 24 56 27 35 22 69 20 60 95 43 39 88 75 80 67 59 89 14 54 87 91 71 60 35 81 30 52 17 0 80 42 44 52 36 42 11 18 63 14 31 43 46 35 87 26 12 90 27 30 38 74 91 20 84 74 19 13 61 83 56 73 74 56 75 17 71 20 43 80 95 36 21 49 24 17 65 58 46 15 
82 19 67 21 22 25 70 20 11 15 12 59 48 42 33 72 72 29 60 42 85 54 53 66 32 33 22 33 44 71 25 44 13 14 99 84 0 25 99 87 88 95 24 32 83 54 69 81 69 95 98 42 46 66 82 79 70 42 22 70 21 64 32 16 41 15 17 66 84 39 72 61 61 50 84 41 73 63 89 80 12 50 39 45 19 22 
55 87 33 28 80 35 51 98 85 15 39 23 66 72 64 86 38 10 46 34 46 82 64 41 25 64 52 77 37 58 24 15 67 26 46 16 10 0 41 38 70 30 23 84 54 77 69 56 77 50 53 73 89 20 96 59 85 10 50 70 89 10 87 42 58 58 15 24 86 28 40 55 71 32 67 45 85 59 90 73 59 67 97 21 73 19 
47 45 43 73 34 12 17 71 47 10 87 40 66 46 86 82 63 13 42 10 40 61 28 34 40 24 59 89 60 50 43 22 48 57 75 29 34 29 0 67 15 99 62 49 59 90 41 66 58 79 81 52 90 37 93 49 88 68 50 81 53 97 79 45 62 20 10 57 66 58 67 97 18 14 13 20 96 16 53 61 98 15 19 68 41 65 
30 72 50 52 77 55 45 25 27 80 65 95 77 40 41 88 34 44 96 18 52 89 30 91 33 47 23 20 34 47 58 65 94 83 29 58 52 82 27 0 32 76 36 85 23 74 78 19 60 62 24 64 39 79 68 15 74 88 57 81 46 28 67 88 37 31 33 14 49 57 90 70 73 95 44 69 56 38 44 19 81 35 94 77 34 93 
85 25 87 10 81 75 85 38 36 65 83 36 88 42 96 64 43 72 43 88 96 11 55 68 14 74 81 17 55 54 45 77 36 32 50 75 66 45 59 91 0 77 92 11 21 50 29 87 94 48 32 43 38 68 62 71 61 68 70 89 18 39 13 76 40 14 16 16 64 81 89 49 94 69 41 22 58 47 64 64 49 47 90 97 58 11 
17 46 20 59 47 92 14 62 35 92 21 50 89 34 28 98 81 32 98 55 52 65 16 76 11 89 72 58 38 44 48 72 97 65 72 93 31 25 17 69 82 0 82 10 61 73 25 42 82 45 11 43 66 42 46 88 57 55 74 18 91 11 98 49 89 38 31 21 25 53 49 47 97 34 80 16 51 14 68 92 78 23 87 61 17 79 
12 46 41 86 87 18 33 78 27 41 53 37 21 27 48 51 60 48 82 66 80 85 20 42 16 47 40 45 96 74 52 75 43 71 97 27 27 53 78 35 56 93 0 65 30 37 37 87 47 65 46 81 84 49 34 61 35 16 22 92 86 22 46 54 89 65 49 97 51 77 84 92 93 25 24 95 64 84 80 52 53 62 85 61 93 28 
71 62 82 11 94 14 37 14 79 89 44 14 71 74 80 43 39 12 99 86 54 46 78 89 69 88 34 46 77 48 12 92 31 98 44 18 19 25 32 71 66 47 20 0 82 58 39 96 51 51 13 24 55 97 56 18 10 26 95 40 34 93 78 37 95 48 53 20 40 29 49 94 10 78 49 33 52 83 48 23 38 29 50 79 21 50 
19 25 21 90 22 42 18 84 39 41 20 76 19 77 52 78 71 90 50 89 20 69 52 32 61 80 19 21 58 78 71 19 27 43 73 22 71 29 21 23 86 66 65 77 0 44 57 17 94 33 89 34 60 50 24 12 76 70 72 88 46 28 84 86 76 69 93 40 20 10 66 72 34 72 25 88 48 45 29 41 53 25 14 10 45 15 
77 43 83 42 85 48 52 88 58 86 84 59 18 82 50 63 30 96 74 23 47 96 88 47 19 94 71 84 97 61 72 55 68 34 22 47 28 71 79 18 44 70 94 31 59 0 59 62 57 73 96 78 15 53 50 81 68 14 76 22 57 91 88 58 77 27 96 78 54 31 24 18 90 91 68 15 56 58 89 37 60 86 88 64 76 62 
71 44 19 28 33 75 43 17 65 74 75 43 86 17 32 21 79 84 51 38 75 77 29 76 51 84 61 68 64 62 39 58 30 27 21 49 38 81 50 49 14 25 69 28 85 18 0 74 92 18 69 80 14 28 21 25 74 52 58 65 60 70 57 68 15 57 72 13 43 34 87 14 94 30 95 72 44 93 89 75 80 91 64 24 99 36 
22 23 62 57 12 21 92 91 95 35 11 98 78 72 59 52 20 98 41 53 70 96 42 42 31 37 45 26 16 88 47 19 79 97 99 47 64 11 21 87 55 46 79 74 24 29 78 0 79 65 31 87 56 79 98 61 65 97 82 27 15 51 42 19 53 99 58 55 76 22 70 37 71 63 85 29 27 26 14 81 31 33 78 92 34 78 
86 92 55 17 43 45 68 75 42 66 87 95 59 71 66 96 64 30 81 89 82 64 45 69 44 92 79 60 84 51 38 72 81 57 55 69 32 84 74 70 69 90 50 88 82 18 31 46 0 44 75 64 65 90 61 10 90 45 44 34 62 26 62 42 41 84 59 96 65 82 47 14 12 62 23 71 35 48 42 73 85 50 17 64 77 94 
35 81 58 59 60 68 46 58 11 19 64 18 69 27 68 63 36 94 73 99 24 62 10 47 92 60 58 30 18 65 73 11 86 92 48 32 38 90 11 67 99 60 59 92 95 14 98 80 48 0 66 89 11 47 80 80 39 87 80 12 46 41 22 38 92 79 62 39 34 19 44 42 30 72 58 20 18 57 71 81 71 13 67 73 70 33 
45 41 37 37 27 29 31 41 22 21 53 66 75 87 74 94 98 37 50 64 64 67 54 22 44 68 80 11 58 35 49 20 58 18 33 96 19 95 99 91 94 42 24 16 10 36 13 56 29 15 0 40 26 52 15 37 39 90 32 40 85 16 93 52 66 31 71 41 13 26 88 68 38 51 12 71 37 80 54 21 40 74 23 28 97 83 
98 94 86 31 14 77 81 44 70 44 84 68 57 69 57 78 81 53 22 52 41 22 90 72 67 30 54 83 98 76 92 25 12 11 75 73 58 85 88 13 53 33 80 94 38 65 17 44 97 98 23 0 72 14 42 43 86 70 69 65 21 78 38 88 51 54 54 31 92 17 52 46 95 72 17 87 62 28 44 50 40 53 95 14 53 65 
78 17 25 69 82 79 35 75 48 48 12 56 95 64 98 11 51 58 72 39 67 86 12 65 78 46 55 16 42 43 44 28 36 41 29 18 43 88 12 59 47 63 35 90 76 49 69 63 18 22 65 69 0 26 65 36 50 96 58 39 49 26 17 53 71 19 68 23 78 40 89 23 43 46 40 96 25 46 47 76 29 31 59 38 68 82 
82 64 82 16 27 18 10 75 27 33 69 80 43 24 74 26 12 59 20 92 11 99 96 27 37 27 92 56 73 65 72 46 85 59 14 50 49 76 57 56 54 19 12 72 80 78 58 87 73 39 79 15 29 0 30 49 99 76 31 41 53 67 19 73 15 19 84 96 88 59 28 67 94 34 22 52 45 31 29 58 79 27 61 74 25 56 
56 28 33 62 20 76 26 53 13 93 78 38 93 24 69 99 22 65 90 48 69 76 52 68 74 66 72 51 11 58 27 12 23 24 62 74 56 22 34 93 12 54 81 41 58 40 63 44 24 47 21 14 72 84 0 56 10 25 68 17 89 36 82 55 90 58 10 94 66 13 14 86 35 42 12 24 49 34 25 88 14 77 17 29 33 16 
89 93 73 42 68 60 91 99 62 58 84 24 55 46 22 90 45 95 78 79 34 86 14 38 98 36 45 56 77 77 35 40 10 56 10 17 68 10 43 71 24 99 22 39 94 29 50 85 98 84 24 76 34 88 56 0 15 88 34 67 14 81 78 29 63 77 18 45 68 74 14 31 74 64 61 36 98 41 22 37 11 89 25 62 68 33 
79 97 65 27 96 39 32 63 67 23 65 86 44 41 83 18 84 21 53 94 36 30 59 34 31 37 31 95 55 10 35 68 30 62 25 43 54 45 97 44 20 88 46 86 39 30 58 93 87 39 99 46 44 34 49 57 0 18 12 80 58 87 35 56 11 88 27 67 46 58 58 69 18 39 40 37 41 50 73 24 79 71 10 47 54 99 
99 89 41 35 77 18 77 25 60 13 65 37 56 81 37 48 72 16 82 29 51 28 94 17 21 76 23 70 16 14 56 15 45 41 55 49 98 74 63 86 84 48 11 85 13 41 65 26 46 46 22 76 27 23 36 24 64 0 80 83 58 36 68 42 22 75 27 29 60 54 49 60 18 49 38 12 56 54 24 61 89 87 39 73 61 17 
10 77 19 58 17 13 64 80 39 94 14 67 75 71 39 39 31 19 85 17 65 37 39 87 59 55 75 37 14 53 19 94 82 90 11 63 59 63 59 40 66 22 42 71 85 65 42 23 96 64 18 53 37 98 37 58 66 32 0 30 37 31 41 85 83 14 46 72 50 33 43 63 73 44 15 86 71 91 22 17 88 71 66 66 63 90 
30 99 35 13 46 87 47 16 37 36 88 53 53 14 41 30 49 36 55 97 42 74 85 98 60 46 90 10 13 61 71 93 89 16 10 96 15 79 57 88 96 43 10 73 99 17 72 55 15 32 38 99 87 97 73 81 84 17 12 0 30 91 71 37 13 88 52 13 95 49 42 64 44 61 61 58 57 90 74 46 48 53 93 59 69 95 
88 53 54 66 52 30 59 99 20 59 86 40 63 97 19 47 91 93 69 33 26 97 67 79 89 37 44 57 29 41 71 58 37 72 41 95 93 80 86 91 82 54 90 49 25 66 26 41 80 83 66 79 48 41 83 31 57 57 51 88 0 72 16 57 16 28 33 64 97 92 99 60 33 48 83 36 58 33 13 34 42 24 58 69 98 39 
16 95 56 98 95 20 82 90 26 46 10 94 66 84 96 95 34 16 35 39 98 36 26 49 55 58 94 27 47 13 98 80 30 29 70 39 35 52 79 27 44 27 60 67 67 31 61 26 92 29 84 63 87 68 72 66 13 30 67 87 21 0 48 76 49 78 74 12 22 58 26 72 50 54 27 53 36 59 24 22 26 59 57 82 56 49 
82 33 41 28 21 52 93 64 63 86 92 55 70 42 21 80 35 84 76 80 72 86 99 86 77 26 82 90 93 81 74 46 52 85 93 82 22 30 19 50 99 29 70 17 36 21 98 11 84 68 28 36 51 95 51 88 21 60 27 48 11 14 0 89 30 12 88 61 42 83 64 40 27 74 11 44 68 83 96 83 32 40 86 49 29 99 
31 78 71 28 18 70 38 55 93 39 90 10 79 70 96 81 49 99 14 53 80 84 21 81 51 74 12 31 22 13 99 50 62 96 98 58 99 53 84 44 35 73 69 41 56 48 33 81 75 62 59 93 51 52 50 67 14 39 32 38 15 86 21 0 76 27 60 61 40 31 57 10 14 70 28 78 89 83 31 29 24 41 22 43 80 80 
37 15 59 24 47 67 51 86 72 49 73 76 44 65 61 94 99 94 34 18 90 70 29 37 27 10 65 43 10 76 21 35 13 95 62 58 56 27 83 78 58 67 17 90 14 84 39 90 42 20 25 50 25 12 38 47 29 87 40 78 99 51 73 75 0 60 71 81 70 36 77 45 43 55 12 65 88 38 71 32 76 10 83 36 38 83 
32 37 52 83 77 84 58 31 62 98 72 13 26 69 73 74 74 94 21 55 73 81 15 49 35 36 13 96 22 76 54 22 21 54 66 14 33 74 23 86 41 18 72 22 49 16 69 78 57 54 77 27 48 28 96 64 65 87 35 24 89 80 35 40 94 0 58 29 10 13 32 68 93 74 86 20 10 95 79 31 74 50 15 33 12 11 
22 63 39 20 36 22 12 48 45 93 13 17 77 98 44 48 24 73 28 13 74 73 98 72 95 42 86 14 25 63 68 33 16 92 88 18 48 48 65 28 36 24 51 99 17 64 26 36 76 97 65 32 48 63 33 71 74 73 93 32 94 37 56 79 13 75 0 52 60 38 52 92 23 54 35 97 62 27 44 69 30 42 76 81 24 34 
50 11 61 75 25 25 97 50 38 68 82 14 78 31 55 66 15 19 86 73 78 43 23 10 72 84 45 45 22 64 75 34 90 56 25 77 37 78 71 27 81 89 73 87 58 47 98 16 35 65 19 57 46 82 71 67 69 43 63 11 10 41 32 67 61 29 84 0 33 50 42 96 24 28 29 61 41 19 66 58 11 73 57 92 20 34 
34 70 64 13 18 14 45 94 26 66 39 91 57 54 61 82 37 33 33 44 58 76 27 75 40 91 48 26 58 40 67 89 47 95 81 27 84 12 22 10 48 79 50 58 59 11 44 56 52 84 17 89 67 14 75 21 19 72 21 62 37 89 52 51 17 49 49 25 0 60 88 15 26 85 64 20 57 33 43 63 98 25 25 12 80 68 
43 56 98 33 94 63 38 29 17 25 12 77 65 51 63 96 67 52 19 99 85 48 53 77 76 81 23 16 22 42 60 34 56 69 17 92 69 68 84 48 15 82 72 74 21 33 77 91 52 37 54 14 25 63 22 76 79 31 49 36 27 57 51 40 68 35 66 76 85 0 48 63 24 91 79 55 47 11 54 70 50 55 68 67 16 46 
86 31 19 48 20 84 38 30 97 95 67 58 60 82 84 67 50 40 66 87 53 15 86 14 76 29 43 34 22 83 36 45 51 12 67 95 41 65 99 28 12 44 81 27 33 31 71 67 53 22 24 87 92 17 84 44 13 34 20 80 92 83 94 43 13 48 76 51 68 91 0 50 32 54 43 96 26 17 16 65 17 95 16 28 14 93 
80 47 46 28 33 40 24 92 35 63 62 61 75 23 40 89 26 53 43 94 70 36 23 44 89 23 43 99 53 16 56 54 78 31 33 37 98 17 85 96 16 63 55 84 99 44 33 72 25 27 73 33 26 50 92 22 53 73 71 42 28 53 88 41 67 75 28 60 55 86 15 0 27 29 91 70 72 71 70 16 71 42 10 27 76 61 
20 29 22 43 97 70 42 92 71 77 20 37 70 60 47 63 23 24 30 62 18 62 56 35 96 84 76 31 83 66 81 95 94 23 54 43 87 26 68 60 41 31 74 74 94 54 34 89 95 96 91 92 58 42 95 84 12 29 74 73 86 50 63 85 91 29 12 51 57 81 23 47 0 85 17 10 86 84 64 49 90 78 40 37 96 78 
51 94 90 44 18 20 31 47 98 51 29 31 87 71 22 18 99 64 22 10 60 71 18 23 30 82 83 22 47 19 12 84 34 16 90 75 94 95 94 63 11 30 23 90 11 75 37 85 87 39 39 78 67 50 26 25 83 31 16 28 21 18 66 36 61 47 60 72 90 79 95 52 96 0 27 76 99 27 10 47 96 83 54 87 11 36 
37 89 39 25 38 87 72 40 20 76 16 59 99 33 73 78 29 70 21 59 13 21 56 28 73 16 88 92 14 51 47 53 16 20 17 64 28 80 24 57 47 71 79 25 64 10 11 22 38 79 74 16 44 93 98 44 54 76 97 98 55 19 17 28 92 51 78 13 36 51 13 20 14 62 0 35 51 58 35 57 14 70 52 84 84 46 
89 60 21 63 24 37 84 91 77 48 96 67 95 71 59 39 98 58 57 42 96 57 42 56 73 29 22 20 40 47 25 12 36 12 37 24 64 12 50 89 88 47 41 86 13 55 80 76 28 69 89 95 29 57 62 57 85 52 75 34 33 50 29 35 32 97 65 58 39 13 38 60 88 30 68 0 79 40 55 67 82 11 13 44 46 20 
21 37 67 76 20 50 47 16 26 17 93 15 57 28 25 65 24 26 79 59 94 24 97 56 94 87 43 77 20 20 65 65 31 33 35 67 58 38 60 63 90 57 11 16 26 50 32 56 33 45 53 88 15 10 23 20 91 36 64 47 57 61 54 58 43 78 12 51 95 28 54 42 58 96 13 26 0 57 25 35 76 71 92 65 95 19 
10 88 28 74 96 87 69 54 36 43 72 97 99 73 27 76 85 90 68 28 30 97 38 91 86 91 31 20 53 12 93 66 99 15 23 80 38 23 12 38 97 39 17 47 84 66 87 33 40 27 29 88 39 34 82 97 28 96 32 30 30 84 79 75 69 78 22 36 56 42 24 97 77 75 57 39 92 0 75 74 13 20 45 40 31 31 
63 42 12 22 64 96 76 45 82 42 70 65 83 93 70 70 53 13 27 92 42 22 58 88 67 80 32 11 25 88 30 39 78 56 10 35 78 25 33 81 83 33 42 23 87 17 56 63 48 87 88 40 69 66 18 48 74 81 98 11 81 56 98 69 11 97 14 54 16 21 79 56 41 56 45 14 43 32 0 26 85 82 51 63 15 41 
79 50 21 29 54 40 39 57 91 29 45 94 34 79 62 33 51 34 94 51 40 69 85 41 24 93 64 89 55 46 22 68 40 39 60 42 59 74 33 86 29 52 93 69 61 21 18 29 53 61 93 71 35 26 90 25 26 63 92 72 57 12 45 35 98 46 24 62 59 84 55 75 10 33 91 51 54 41 85 0 68 67 96 89 13 14 
78 40 58 68 90 34 82 73 86 98 78 81 16 19 18 42 21 91 78 69 94 20 21 47 65 64 82 13 97 99 38 90 47 44 27 61 16 67 74 64 10 65 20 94 40 67 89 78 73 76 79 17 75 17 12 56 33 32 84 41 61 49 75 11 48 44 42 98 50 15 91 58 67 51 75 55 56 65 42 52 0 64 41 21 69 16 
38 91 16 57 54 65 93 15 15 84 86 82 27 56 15 47 79 42 16 74 84 21 10 87 92 88 84 84 44 90 76 53 74 78 46 88 59 60 60 13 24 26 48 84 30 46 17 16 22 42 52 56 91 88 55 92 93 23 71 26 67 84 47 93 58 63 63 53 47 77 79 37 67 45 20 28 34 94 85 54 50 0 21 12 86 32 
69 37 41 14 41 92 52 55 18 68 75 15 70 32 28 33 23 40 32 60 82 21 94 17 33 29 69 95 25 39 14 72 41 18 67 88 23 99 40 19 94 48 33 21 47 70 45 27 56 11 64 76 65 14 57 52 65 84 78 36 26 41 14 10 62 46 83 31 19 17 22 39 18 54 76 51 42 28 37 58 91 16 0 86 36 14 
10 26 34 66 99 88 93 58 93 90 37 44 37 89 31 85 68 61 12 18 10 39 52 84 23 77 71 89 70 85 10 17 70 46 20 37 66 54 30 20 69 66 99 23 83 91 69 87 26 70 37 88 41 87 33 66 57 98 36 57 14 94 23 78 25 25 54 28 18 69 36 39 88 77 96 24 44 12 68 79 28 85 56 0 21 45 
72 79 74 14 46 67 83 32 41 98 72 54 89 36 53 62 93 17 95 12 30 50 54 21 33 54 17 95 45 23 11 57 12 86 52 15 63 45 86 95 35 69 12 43 39 74 41 11 18 20 36 13 23 33 67 47 14 32 16 16 92 72 76 36 39 38 65 63 82 51 95 36 96 37 56 72 23 45 61 16 59 66 50 26 0 30 
78 91 45 80 82 52 37 60 32 68 38 40 85 44 21 31 24 62 88 76 32 83 83 92 83 94 52 18 86 17 46 48 58 64 94 27 57 68 97 20 95 66 41 42 94 97 91 34 26 83 83 61 71 16 27 73 44 62 24 95 87 45 37 88 48 53 12 49 52 67 84 97 64 63 85 33 43 70 56 89 80 51 81 67 97 0 
