20 20
0 86 90 95 91 16 81 68 73 49 48 13 48 98 70 56 41 26 85 79 
59 0 87 24 24 38 60 25 26 59 54 71 55 67 80 15 65 56 11 62 
89 14 0 10 22 27 60 67 76 78 40 69 57 25 18 87 15 77 86 39 
28 37 52 0 64 55 37 46 71 90 30 88 40 28 32 24 89 44 41 23 
80 47 53 87 0 81 44 39 88 74 15 35 65 29 29 31 21 64 51 37 
82 55 27 55 96 0 12 76 79 80 97 56 29 23 34 61 95 91 46 39 
72 55 54 34 84 21 0 59 40 39 84 89 45 93 49 98 35 24 13 61 
36 96 65 16 70 83 82 0 14 12 23 10 51 33 27 36 28 34 65 91 
60 66 10 40 46 68 52 84 0 54 52 97 26 13 34 48 42 36 34 90 
22 99 77 46 71 50 58 12 24 0 43 91 77 58 32 25 46 70 33 12 
78 65 47 28 14 53 51 92 12 12 0 51 61 69 44 87 58 31 55 93 
84 26 64 90 40 88 97 97 42 47 78 0 59 36 12 87 83 60 83 11 
52 31 91 16 24 48 58 58 22 99 44 49 0 26 79 93 83 46 52 79 
58 55 73 86 22 11 40 25 83 12 66 87 51 0 16 30 91 58 63 58 
92 49 94 31 73 37 28 35 44 74 59 58 20 21 0 60 30 23 54 69 
70 77 68 10 89 65 21 29 46 47 73 99 14 12 40 0 71 54 97 16 
88 64 10 85 77 61 88 18 99 55 57 72 70 90 53 50 0 73 75 99 
45 85 89 53 64 67 39 51 41 22 67 62 63 66 65 19 49 0 91 14 
82 31 92 17 61 76 41 45 93 79 49 99 57 41 14 56 74 65 0 38 
71 75 12 20 35 74 65 64 50 51 49 82 49 49 98 99 80 48 11 0 
