26 26
0 86 90 95 91 16 81 68 73 49 48 13 48 98 70 56 41 26 85 79 43 74 61 68 97 89 
59 0 87 24 24 38 60 25 26 59 54 71 55 67 80 15 65 56 11 62 42 88 76 71 46 30 
89 14 0 10 22 27 60 67 76 78 40 69 57 25 18 87 15 77 86 39 75 12 53 77 35 52 
28 37 52 0 64 55 37 46 71 90 30 88 40 28 32 24 89 44 41 23 75 86 13 37 18 59 
80 47 53 87 0 81 44 39 88 74 15 35 65 29 29 31 21 64 51 37 37 79 92 40 56 11 
82 55 27 55 96 0 12 76 79 80 97 56 29 23 34 61 95 91 46 39 12 87 77 79 92 62 
72 55 54 34 84 21 0 59 40 39 84 89 45 93 49 98 35 24 13 61 57 36 47 14 49 90 
36 96 65 16 70 83 82 0 14 12 23 10 51 33 27 36 28 34 65 91 37 64 39 87 80 92 
60 66 10 40 46 68 52 84 0 54 52 97 26 13 34 48 42 36 34 90 58 54 60 63 53 80 
22 99 77 46 71 50 58 12 24 0 43 91 77 58 32 25 46 70 33 12 38 84 86 97 12 49 
78 65 47 28 14 53 51 92 12 12 0 51 61 69 44 87 58 31 55 93 77 43 71 97 27 45 
84 26 64 90 40 88 97 97 42 47 78 0 59 36 12 87 83 60 83 11 20 95 25 51 79 97 
52 31 91 16 24 48 58 58 22 99 44 49 0 26 79 93 83 46 52 79 52 92 30 25 19 64 
58 55 73 86 22 11 40 25 83 12 66 87 51 0 16 30 91 58 63 58 73 13 37 28 48 24 
92 49 94 31 73 37 28 35 44 74 59 58 20 21 0 60 30 23 54 69 38 29 22 74 93 92 
70 77 68 10 89 65 21 29 46 47 73 99 14 12 40 0 71 54 97 16 85 27 18 29 53 78 
88 64 10 85 77 61 88 18 99 55 57 72 70 90 53 50 0 73 75 99 56 50 13 31 39 24 
45 85 89 53 64 67 39 51 41 22 67 62 63 66 65 19 49 0 91 14 23 14 49 37 15 43 
82 31 92 17 61 76 41 45 93 79 49 99 57 41 14 56 74 65 0 38 79 23 95 57 76 64 
71 75 12 20 35 74 65 64 50 51 49 82 49 49 98 99 80 48 11 0 25 57 27 63 42 32 
97 12 17 81 81 29 17 95 14 34 27 75 39 75 32 14 23 34 57 76 0 29 96 79 36 41 
78 91 26 50 22 34 76 23 52 35 71 54 89 95 63 39 55 30 31 36 22 0 33 55 86 38 
73 65 27 76 80 53 30 50 27 48 17 18 62 69 21 67 67 99 52 17 89 75 0 61 88 45 
87 87 10 84 83 92 80 71 96 46 82 19 57 35 42 57 13 92 11 75 62 51 67 0 90 83 
18 90 76 42 49 31 86 71 91 31 73 22 56 63 90 96 24 74 11 36 52 87 51 14 0 63 
45 72 30 15 26 79 75 29 88 99 23 71 66 69 19 19 98 92 31 96 24 95 26 99 99 0 
