38 38
0 86 90 95 91 16 81 68 73 49 48 13 48 98 70 56 41 26 85 79 43 74 61 68 97 89 60 21 66 87 56 98 70 77 48 92 10 91 
59 0 87 24 24 38 60 25 26 59 54 71 55 67 80 15 65 56 11 62 42 88 76 71 46 30 95 91 50 81 26 64 25 46 86 61 48 10 
89 14 0 10 22 27 60 67 76 78 40 69 57 25 18 87 15 77 86 39 75 12 53 77 35 52 31 96 13 69 91 77 74 99 33 87 45 65 
28 37 52 0 64 55 37 46 71 90 30 88 40 28 32 24 89 44 41 23 75 86 13 37 18 59 47 69 45 79 94 53 15 80 99 43 86 79 
80 47 53 87 0 81 44 39 88 74 15 35 65 29 29 31 21 64 51 37 37 79 92 40 56 11 19 61 38 91 94 88 18 84 70 93 82 74 
82 55 27 55 96 0 12 76 79 80 97 56 29 23 34 61 95 91 46 39 12 87 77 79 92 62 20 85 53 93 37 79 12 22 82 98 21 41 
72 55 54 34 84 21 0 59 40 39 84 89 45 93 49 98 35 24 13 61 57 36 47 14 49 90 75 25 93 43 27 88 53 65 40 30 96 36 
36 96 65 16 70 83 82 0 14 12 23 10 51 33 27 36 28 34 65 91 37 64 39 87 80 92 12 88 78 79 46 46 63 58 67 13 36 41 
60 66 10 40 46 68 52 84 0 54 52 97 26 13 34 48 42 36 34 90 58 54 60 63 53 80 93 63 53 53 70 48 38 13 31 19 38 70 
22 99 77 46 71 50 58 12 24 0 43 91 77 58 32 25 46 70 33 12 38 84 86 97 12 49 25 90 13 57 37 47 19 60 37 35 85 15 
78 65 47 28 14 53 51 92 12 12 0 51 61 69 44 87 58 31 55 93 77 43 71 97 27 45 85 38 86 45 41 40 28 62 28 66 82 28 
84 26 64 90 40 88 97 97 42 47 78 0 59 36 12 87 83 60 83 11 20 95 25 51 79 97 74 98 16 48 82 67 23 38 34 50 97 75 
52 31 91 16 24 48 58 58 22 99 44 49 0 26 79 93 83 46 52 79 52 92 30 25 19 64 42 90 14 80 40 99 97 40 39 26 87 32 
58 55 73 86 22 11 40 25 83 12 66 87 51 0 16 30 91 58 63 58 73 13 37 28 48 24 85 15 25 54 95 50 83 38 81 32 37 94 
92 49 94 31 73 37 28 35 44 74 59 58 20 21 0 60 30 23 54 69 38 29 22 74 93 92 54 96 83 52 66 28 90 41 76 75 26 20 
70 77 68 10 89 65 21 29 46 47 73 99 14 12 40 0 71 54 97 16 85 27 18 29 53 78 78 79 11 11 21 56 89 99 48 42 29 93 
88 64 10 85 77 61 88 18 99 55 57 72 70 90 53 50 0 73 75 99 56 50 13 31 39 24 73 54 12 33 13 49 25 96 92 50 88 46 
45 85 89 53 64 67 39 51 41 22 67 62 63 66 65 19 49 0 91 14 23 14 49 37 15 43 61 86 27 59 85 33 54 67 32 92 74 66 
82 31 92 17 61 76 41 45 93 79 49 99 57 41 14 56 74 65 0 38 79 23 95 57 76 64 30 84 87 38 52 63 20 35 33 43 22 68 
71 75 12 20 35 74 65 64 50 51 49 82 49 49 98 99 80 48 11 0 25 57 27 63 42 32 48 88 63 39 27 73 61 12 16 32 17 67 
97 12 17 81 81 29 17 95 14 34 27 75 39 75 32 14 23 34 57 76 0 29 96 79 36 41 30 92 63 30 77 37 69 40 99 42 83 25 
78 91 26 50 22 34 76 23 52 35 71 54 89 95 63 39 55 30 31 36 22 0 33 55 86 38 70 89 64 27 39 99 61 93 95 45 25 46 
73 65 27 76 80 53 30 50 27 48 17 18 62 69 21 67 67 99 52 17 89 75 0 61 88 45 44 62 39 39 14 91 23 64 81 54 61 22 
87 87 10 84 83 92 80 71 96 46 82 19 57 35 42 57 13 92 11 75 62 51 67 0 90 83 33 22 94 60 93 12 95 12 13 91 69 60 
18 90 76 42 49 31 86 71 91 31 73 22 56 63 90 96 24 74 11 36 52 87 51 14 0 63 30 85 80 44 93 16 70 87 73 49 51 72 
45 72 30 15 26 79 75 29 88 99 23 71 66 69 19 19 98 92 31 96 24 95 26 99 99 0 68 58 56 82 19 21 31 28 35 60 30 96 
90 31 51 27 38 25 44 91 45 25 64 58 20 97 66 53 32 16 56 88 92 23 42 23 64 48 0 93 89 98 99 21 12 63 53 33 51 62 
89 86 58 85 13 76 65 76 27 64 26 74 69 24 12 97 90 53 21 79 49 63 65 94 70 78 79 0 40 64 29 98 65 43 32 91 96 95 
53 83 19 11 84 58 52 39 67 19 67 91 78 71 58 51 95 51 79 74 65 78 26 31 27 75 46 74 0 54 60 62 92 54 86 39 79 38 
36 38 94 13 36 31 95 42 96 48 44 14 66 21 35 44 53 98 64 94 65 69 61 95 69 70 80 85 12 0 46 92 40 20 90 95 67 85 
91 33 86 59 25 53 76 91 81 39 63 46 28 80 46 23 35 63 63 33 76 58 17 37 95 12 53 12 41 10 0 59 93 35 99 23 69 92 
48 68 78 77 41 98 18 47 38 58 64 58 11 48 77 53 76 73 70 97 19 20 56 60 25 35 91 67 41 30 58 0 44 46 33 49 81 23 
77 55 24 96 50 39 87 53 68 44 85 66 58 68 12 12 78 96 21 88 57 24 60 47 45 20 42 31 49 37 49 34 0 21 17 99 60 64 
22 80 78 12 33 27 98 28 69 50 83 40 99 10 70 58 51 31 39 42 37 89 71 96 11 64 45 18 19 78 58 89 55 0 24 21 63 58 
37 45 55 62 89 17 15 17 57 20 10 70 62 92 48 79 82 72 13 68 43 90 28 64 90 57 39 42 17 62 94 32 33 15 0 76 70 94 
26 13 44 58 35 59 12 24 56 27 35 22 69 20 60 95 43 39 88 75 80 67 59 89 14 54 87 91 71 60 35 81 30 52 17 0 80 42 
82 19 67 21 22 25 70 20 11 15 12 59 48 42 33 72 72 29 60 42 85 54 53 66 32 33 22 33 44 71 25 44 13 14 99 84 0 25 
55 87 33 28 80 35 51 98 85 15 39 23 66 72 64 86 38 10 46 34 46 82 64 41 25 64 52 77 37 58 24 15 67 26 46 16 10 0 
