13 13
0 86 90 95 91 16 81 68 73 49 48 13 48 
59 0 87 24 24 38 60 25 26 59 54 71 55 
89 14 0 10 22 27 60 67 76 78 40 69 57 
28 37 52 0 64 55 37 46 71 90 30 88 40 
80 47 53 87 0 81 44 39 88 74 15 35 65 
82 55 27 55 96 0 12 76 79 80 97 56 29 
72 55 54 34 84 21 0 59 40 39 84 89 45 
36 96 65 16 70 83 82 0 14 12 23 10 51 
60 66 10 40 46 68 52 84 0 54 52 97 26 
22 99 77 46 71 50 58 12 24 0 43 91 77 
78 65 47 28 14 53 51 92 12 12 0 51 61 
84 26 64 90 40 88 97 97 42 47 78 0 59 
52 31 91 16 24 48 58 58 22 99 44 49 0 
